MultiClassTsetlinMachine,notweighted,Epoch1,Epoch2,Epoch3,Epoch4,Epoch5,Epoch6,Epoch7,Epoch8,Epoch9,Epoch10,Epoch11,Epoch12,Epoch13,Epoch14,Epoch15,Epoch16,Epoch17,Epoch18,Epoch19,Epoch20,Epoch21,Epoch22,Epoch23,Epoch24,Epoch25,Epoch26,Epoch27,Epoch28,Epoch29,Epoch30,Epoch31,Epoch32,Epoch33,Epoch34,Epoch35,Epoch36,Epoch37,Epoch38,Epoch39,Epoch40,Epoch41,Epoch42,Epoch43,Epoch44,Epoch45,Epoch46,Epoch47,Epoch48,Epoch49,Epoch50,
Settings:
Clauses:,10000.0
Threshold:,90.0
S:,27.0
draw0,,79.0292,79.8727,79.9615,80.1095,80.7459,80.8495,80.5535,80.7163,80.8199,80.5239,81.0419,81.1899,80.9679,80.8791,81.0863,80.9827,81.0715,81.0123,80.9975,81.1159,80.9087,81.3675,81.1011,81.4267,81.5747,81.5599,81.7079,81.3527,81.4267,81.7819,81.3971,81.7671,81.8411,81.6635,81.5895,81.7967,81.3083,81.6487,81.8707,81.6043,81.5451,81.6487,81.8115,81.8707,81.7671,82.0778,82.0334,81.7967,81.8855,81.8855
draw1,,78.3336,79.4879,79.6507,79.6803,79.7247,80.4647,80.1391,80.5091,80.4499,80.7607,80.6423,80.8051,80.8199,80.7903,80.8495,80.9383,80.6423,81.1159,81.2787,80.8199,81.1751,80.8939,81.1751,80.9235,81.1159,81.2047,81.4119,81.1011,81.0863,80.9975,81.1899,81.1899,81.1603,81.1751,81.2639,81.1011,81.0863,81.2787,81.5451,81.2491,81.4859,81.3823,81.2343,81.6931,81.4711,81.6783,81.7671,81.4711,81.3971,81.5451
draw2,,78.1856,79.2363,79.7691,80.1391,79.9171,79.8875,80.1687,80.3315,80.4943,80.7163,80.5091,80.9531,80.7903,80.9235,80.7459,80.7311,81.1455,81.1159,80.7163,80.7755,81.1455,80.5091,81.2787,80.8347,80.8939,80.9383,80.9087,80.9531,80.9975,81.0271,81.2787,81.2491,81.0271,80.9383,80.9235,81.1751,81.1751,81.2639,81.1307,81.6043,81.3675,81.5451,81.5451,81.4711,81.4859,81.4267,81.5155,81.3675,81.3527,81.6043
draw3,,79.0705,79.3813,79.8401,80.3138,80.3582,80.4766,80.5062,80.3730,80.7578,80.8467,80.9799,80.8319,81.0095,81.0243,81.2463,81.1427,81.2759,81.0391,81.1575,81.0095,81.2463,81.2907,81.5275,81.2167,81.2907,81.1279,81.2611,81.1871,81.6903,81.3943,81.2315,81.5127,81.5423,81.4387,81.4979,81.6607,81.6607,81.2463,81.4831,81.5719,81.4831,81.6459,81.4535,81.4979,81.3203,81.5571,81.3943,81.8236,81.7644,81.6015
draw4,,78.6412,79.7365,79.7069,80.1806,80.6542,80.4470,80.3138,80.4470,80.8319,80.4470,80.9651,80.6394,81.2463,81.0243,80.9207,81.1427,81.0983,80.6838,81.0983,81.0391,81.2019,81.2907,81.2019,81.1279,81.1871,81.4239,81.2759,81.3795,80.8911,81.3647,81.0391,81.1427,81.5275,81.3795,81.2759,81.2019,81.4239,81.6015,81.5275,81.2611,81.4091,81.6607,81.3943,81.5867,81.6163,81.6607,81.6607,81.5275,81.4535,81.6015
draw5,,78.8157,79.5411,79.7335,80.2813,80.4885,80.8586,80.6662,80.5181,81.0363,80.7994,81.0807,80.8882,81.1251,81.1695,80.9771,81.0807,80.9771,81.1399,81.1843,81.3175,81.4804,81.4212,81.5840,81.6136,81.5396,81.2731,81.5396,80.9178,81.4656,81.3472,81.5396,81.3472,81.3027,81.5396,81.7321,81.4656,81.4064,81.1991,81.4360,81.6580,81.6432,81.1695,81.4360,81.5988,81.6876,81.6284,81.6136,81.8653,81.5840,81.7469
draw6,,77.9571,78.5788,79.1118,79.8816,80.2665,80.5625,80.1184,80.6070,80.5033,80.4145,80.5181,80.3997,80.6218,80.7254,80.6366,80.9178,80.8882,81.1695,80.7698,80.7550,80.7550,80.8290,80.8734,81.0363,80.8438,80.9030,81.0215,81.3323,81.2731,81.0511,80.9771,81.1103,81.1843,81.4212,81.3916,81.0807,81.3027,81.3175,81.0067,81.2139,81.3323,81.2435,81.7617,81.0215,81.5396,81.3916,81.4804,81.4508,81.4064,81.4804
draw7,,79.0377,79.5411,79.8372,79.7927,80.2961,80.8438,80.5774,80.7550,81.1251,81.0363,80.5181,80.7550,81.1695,80.7254,81.1547,81.0955,80.9474,80.6218,80.7550,81.0955,81.1843,80.7994,81.2435,81.1103,81.2583,81.3620,81.3027,81.2879,81.4508,81.5840,81.4656,81.1991,81.2879,81.7469,81.6284,81.1843,81.6728,81.3175,81.4952,81.8801,81.6284,81.4508,81.5840,82.0281,81.8801,81.5840,81.9837,81.7765,81.7913,81.8801
draw8,,78.8305,79.6891,79.9112,80.1776,80.4145,80.7994,80.5033,80.8734,80.9178,80.9623,81.0511,80.9326,80.9771,80.9771,81.0215,81.3323,80.8734,81.1991,80.9623,81.3323,81.1251,81.1547,81.3472,81.3916,81.3323,81.4508,81.3175,81.2287,81.2287,81.4212,81.3620,81.1695,81.5396,81.3916,81.5100,81.4952,81.4064,81.7024,81.5100,81.5692,81.4212,81.8801,81.3323,81.2731,81.5100,81.2731,81.5692,81.7024,81.8209,81.7469
draw9,,78.5905,79.9526,80.0267,80.2932,80.5153,80.1155,80.6337,80.9298,80.2487,80.2339,80.8114,80.7966,80.5745,80.6781,80.9742,81.0335,80.8558,80.8114,80.8410,81.1075,80.9594,81.4036,81.3148,80.9890,80.8854,81.4480,81.3296,81.3888,81.0631,81.3592,81.1667,81.5961,81.4628,81.1667,81.4924,81.5369,81.4184,81.4628,81.2407,81.6553,81.3296,81.5813,81.5665,81.5073,81.5813,81.6553,81.6405,81.6405,81.9218,81.8626
