MultiClassConvolutionalTsetlinMachine2D,3D,Epoch1,Epoch2,Epoch3,Epoch4,Epoch5,Epoch6,Epoch7,Epoch8,Epoch9,Epoch10,Epoch11,Epoch12,Epoch13,Epoch14,Epoch15,Epoch16,Epoch17,Epoch18,Epoch19,Epoch20,Epoch21,Epoch22,Epoch23,Epoch24,Epoch25,Epoch26,Epoch27,Epoch28,Epoch29,Epoch30,Epoch31,Epoch32,Epoch33,Epoch34,Epoch35,Epoch36,Epoch37,Epoch38,Epoch39,Epoch40,Epoch41,Epoch42,Epoch43,Epoch44,Epoch45,Epoch46,Epoch47,Epoch48,Epoch49,Epoch50,
Settings:
Clauses:,4000.0
Threshold:,9000.0
S:,27.0
Window_X:,4.0
Window_Y:,4.0
Shape_X:,7.0
Shape_Y:,6.0
Shape_Z:,2.0
nodraw0,,85.6348,86.7965,87.6418,88.1872,88.5308,88.8443,89.0917,89.2956,89.4506,89.6221,89.7534,89.8642,89.9479,90.0418,90.1429,90.2211,90.2959,90.3850,90.4424,90.5064,90.5642,90.6362,90.6869,90.7470,90.7945,90.8358,90.8838,90.9218,90.9658,91.0019,91.0404,91.0806,91.1238,91.1635,91.1841,91.2095,91.2392,91.2704,91.2992,91.3249,91.3537,91.3702,91.3932,91.4181,91.4416,91.4608,91.4772,91.5020,91.5179,91.5272
nodraw1,,84.8168,86.3138,87.1619,87.7168,88.1970,88.5853,88.8627,89.1300,89.3270,89.5059,89.6716,89.8165,89.9479,90.0605,90.1571,90.2385,90.3170,90.3769,90.4536,90.5178,90.5798,90.6324,90.6826,90.7327,90.7801,90.8251,90.8680,90.9107,90.9494,90.9762,91.0098,91.0427,91.0712,91.0990,91.1271,91.1508,91.1742,91.2058,91.2341,91.2553,91.2771,91.2911,91.3114,91.3311,91.3511,91.3684,91.3863,91.4062,91.4150,91.4336
nodraw2,,84.7022,86.1911,87.1728,87.7454,88.1315,88.4599,88.7435,88.9909,89.1816,89.3685,89.5496,89.6720,89.7855,89.8759,89.9804,90.0687,90.1486,90.2205,90.2762,90.3354,90.3936,90.4562,90.5055,90.5582,90.6080,90.6495,90.6904,90.7395,90.7751,90.8072,90.8403,90.8679,90.9031,90.9450,90.9779,91.0068,91.0393,91.0663,91.0999,91.1297,91.1514,91.1696,91.1969,91.2192,91.2340,91.2485,91.2631,91.2764,91.2918,91.3060
nodraw3,,85.7306,86.9170,87.6670,88.1934,88.6925,89.0089,89.2769,89.5373,89.7434,89.9084,90.0656,90.1871,90.2798,90.3780,90.4958,90.5785,90.6514,90.7026,90.7630,90.8100,90.8580,90.8927,90.9315,90.9644,91.0011,91.0288,91.0520,91.0741,91.0867,91.1220,91.1397,91.1676,91.1937,91.2150,91.2397,91.2512,91.2683,91.2909,91.3133,91.3238,91.3351,91.3513,91.3606,91.3758,91.3886,91.4047,91.4169,91.4222,91.4280,91.4348
nodraw4,,85.1743,86.7043,87.4761,88.0584,88.4732,88.8425,89.1086,89.3512,89.5580,89.7300,89.8945,90.0412,90.1527,90.2354,90.3235,90.4107,90.4906,90.5753,90.6398,90.7028,90.7629,90.8072,90.8547,90.8955,90.9383,90.9690,91.0144,91.0501,91.0867,91.1242,91.1730,91.2075,91.2388,91.2722,91.2902,91.3198,91.3501,91.3762,91.4052,91.4269,91.4405,91.4604,91.4858,91.5105,91.5355,91.5512,91.5764,91.5883,91.6010,91.6125
nodraw5,,85.9574,87.2831,87.9869,88.4738,88.8052,89.0698,89.3009,89.4722,89.5745,89.7038,89.8096,89.9304,90.0290,90.1064,90.1724,90.2445,90.3062,90.3528,90.4049,90.4534,90.5050,90.5550,90.6013,90.6403,90.6815,90.7119,90.7468,90.7792,90.8059,90.8374,90.8558,90.8843,90.9101,90.9343,90.9656,90.9902,91.0125,91.0341,91.0521,91.0716,91.0902,91.1079,91.1282,91.1457,91.1657,91.1862,91.1986,91.2118,91.2235,91.2370
nodraw6,,84.4517,85.7938,86.7267,87.4182,87.9280,88.2788,88.5808,88.8462,89.0562,89.2275,89.3662,89.4967,89.6425,89.7510,89.8669,89.9662,90.0433,90.1027,90.1542,90.2193,90.2775,90.3281,90.3807,90.4208,90.4700,90.5124,90.5462,90.5834,90.6197,90.6481,90.6790,90.7176,90.7514,90.7817,90.8006,90.8252,90.8462,90.8592,90.8800,90.9104,90.9277,90.9473,90.9702,90.9850,91.0049,91.0165,91.0363,91.0492,91.0605,91.0743
nodraw7,,85.4010,86.8494,87.6378,88.2570,88.7234,89.0780,89.3407,89.5438,89.7236,89.9116,90.0506,90.1664,90.2770,90.3823,90.4746,90.5442,90.6287,90.6947,90.7563,90.8110,90.8557,90.9173,90.9777,91.0161,91.0645,91.1041,91.1378,91.1650,91.2055,91.2417,91.2692,91.2950,91.3188,91.3454,91.3668,91.3875,91.4133,91.4291,91.4453,91.4632,91.4834,91.5065,91.5229,91.5388,91.5534,91.5691,91.5802,91.5957,91.6079,91.6232
nodraw8,,85.6301,86.7840,87.5232,88.0524,88.4354,88.7971,89.0484,89.2553,89.4490,89.6056,89.7352,89.8609,89.9799,90.1005,90.2029,90.2997,90.3812,90.4528,90.5332,90.5974,90.6562,90.7149,90.7642,90.8136,90.8602,90.9021,90.9529,91.0013,91.0367,91.0758,91.1066,91.1319,91.1724,91.2054,91.2326,91.2584,91.2832,91.3080,91.3358,91.3601,91.3860,91.4106,91.4304,91.4503,91.4668,91.4847,91.5019,91.5173,91.5308,91.5440
nodraw9,,85.2209,86.6367,87.3977,87.9869,88.4583,88.7507,89.0180,89.2328,89.4726,89.6710,89.8170,89.9550,90.0629,90.1765,90.2739,90.3713,90.4669,90.5437,90.6159,90.6817,90.7544,90.7968,90.8489,90.8906,90.9218,90.9675,91.0153,91.0673,91.1050,91.1424,91.1705,91.1830,91.2072,91.2362,91.2593,91.2802,91.2983,91.3184,91.3421,91.3560,91.3744,91.3954,91.4148,91.4209,91.4344,91.4463,91.4577,91.4757,91.4907,91.5034
