MultiClassTsetlinMachine,2D,Epoch1,Epoch2,Epoch3,Epoch4,Epoch5,Epoch6,Epoch7,Epoch8,Epoch9,Epoch10,Epoch11,Epoch12,Epoch13,Epoch14,Epoch15,Epoch16,Epoch17,Epoch18,Epoch19,Epoch20,Epoch21,Epoch22,Epoch23,Epoch24,Epoch25,Epoch26,Epoch27,Epoch28,Epoch29,Epoch30,Epoch31,Epoch32,Epoch33,Epoch34,Epoch35,Epoch36,Epoch37,Epoch38,Epoch39,Epoch40,Epoch41,Epoch42,Epoch43,Epoch44,Epoch45,Epoch46,Epoch47,Epoch48,Epoch49,Epoch50,
Settings:
Clauses:,4000.0
Threshold:,9000.0
S:,27.0
nodraw0,,87.6145,90.0196,90.8050,91.3940,91.6721,92.0975,92.2120,92.7683,92.8829,93.0301,92.9974,92.9810,93.0955,93.0628,93.1119,93.2919,93.5046,93.2592,93.4882,93.4555,93.8154,93.6518,93.7500,93.8154,93.8318,93.9463,93.7664,94.0118,93.8809,93.8645,94.0281,93.7827,93.4882,93.5700,93.9463,93.8809,93.7500,94.0936,93.8318,94.1918,93.9300,94.0936,94.1427,94.0936,93.9463,93.8973,94.0118,94.2081,93.9791,94.0936
nodraw1,,87.2873,89.6597,90.7723,91.5412,92.0321,92.2938,92.5229,92.9483,93.0792,93.4391,93.4228,93.3082,93.5373,93.6027,93.7336,93.7827,93.7827,93.8973,93.9136,93.9954,93.8973,93.9463,94.1099,94.0445,93.9954,93.9627,94.0281,94.0281,94.0772,93.8154,94.0936,94.2572,94.1427,94.1754,94.2408,94.3226,94.3063,94.2572,94.2245,94.2899,94.2245,94.4863,94.3554,94.4535,94.6826,94.5681,94.6335,94.2899,94.5844,94.4045
nodraw2,,86.9110,89.1852,90.2487,91.1158,91.3122,91.5576,91.9339,92.0975,92.3920,92.1466,92.4084,92.7847,92.9647,92.8174,93.1283,92.9483,92.9156,93.1774,93.2428,93.1610,93.3737,93.4555,93.4228,93.4882,93.2264,93.4064,93.4555,93.5373,93.3246,93.7173,93.4391,93.7500,93.5864,93.8973,93.7827,93.7991,93.7827,93.7664,93.7827,93.8154,93.5373,93.5864,93.6355,93.5373,93.7500,93.7827,93.6682,93.8318,93.8973,93.7664
nodraw3,,87.2525,89.7234,90.8689,91.2453,91.5071,91.8999,92.2599,92.1126,92.4562,92.8490,92.7180,92.6362,92.7999,92.7835,93.1271,93.2908,93.0781,93.1108,93.2581,93.3890,93.3726,93.6999,93.5526,93.2908,93.4217,93.5362,93.4381,93.3072,93.4872,93.2253,93.4217,93.5199,93.4217,93.4217,93.5362,93.7490,93.9453,93.5526,93.6017,93.5199,93.5690,93.8144,93.6835,93.7162,93.7162,93.5526,93.5690,93.6508,93.7490,93.8308
nodraw4,,86.8434,89.8544,91.0980,91.5235,91.9980,92.0308,92.5708,92.7835,92.7671,92.7508,93.0126,93.1108,93.2744,93.3890,93.2744,93.4708,93.7817,93.6835,93.7162,93.8472,93.7653,93.9781,94.0108,93.8963,93.9781,94.0108,93.7490,94.1253,93.8963,94.1908,93.8635,94.1417,93.9944,94.0272,94.0926,94.3381,94.1090,93.9781,94.2072,94.2235,94.0763,94.0272,94.3217,94.0599,94.0926,94.0926,94.2726,94.1253,94.0272,94.0435
nodraw5,,88.0033,89.9509,90.9002,91.3093,91.7185,91.9476,92.2913,92.3732,92.5696,92.5205,92.7496,92.9624,92.7660,93.0115,92.8478,92.9133,93.3061,92.9624,93.3879,93.2570,93.3388,93.3388,93.2242,93.4697,93.3715,93.4043,93.4206,93.4861,93.4534,93.5516,93.4043,93.6498,93.7807,93.6334,93.6007,93.7316,93.7480,93.7316,93.6661,93.5352,93.7971,93.7807,93.9935,94.0917,94.0262,94.0589,93.8298,93.7316,93.7152,93.9771
nodraw6,,86.7267,89.4272,90.5401,90.7038,91.5057,91.6694,92.2095,92.0131,92.1277,92.5368,92.7332,92.9460,92.8969,93.2406,93.1588,93.0769,93.0606,93.4043,93.4697,93.4370,93.3552,93.2733,93.3715,93.4861,93.7807,93.4697,93.6170,93.7480,93.5843,93.8134,93.8625,93.8134,93.7971,93.6989,93.8462,93.6825,93.6661,93.4861,93.9116,93.7316,93.8625,93.8789,93.6334,93.9280,93.8298,93.9444,93.8953,94.1080,93.9116,93.8134
nodraw7,,87.0867,89.9509,91.0311,91.6039,92.2259,92.4386,92.7169,92.6350,92.6841,92.8969,93.0606,93.1751,93.7643,93.4534,93.5679,93.4370,93.5679,93.6007,93.9280,93.3715,93.7152,93.6498,94.0426,93.9935,93.8953,93.8789,93.7807,93.7643,93.9607,94.0262,94.0426,93.7643,94.1408,93.9771,94.1408,93.9771,94.1571,94.2881,94.1571,94.2226,94.2717,93.9771,93.8953,94.2390,94.0262,93.9444,94.1080,94.1899,93.9280,94.0917
nodraw8,,87.1522,89.3781,90.7038,91.2930,91.7840,91.8003,92.3895,92.5859,92.7987,92.8314,92.8805,92.9624,93.2079,93.3879,92.9133,93.2406,93.4206,93.5843,93.5188,93.5516,93.7316,93.7316,93.6170,93.7480,93.7316,93.7480,93.7971,94.1408,94.0753,93.8789,93.7480,94.0917,94.0589,94.0426,93.9280,94.0753,93.9607,93.9444,94.0589,94.1571,94.1571,94.2062,94.1080,94.1244,94.0098,94.1080,94.2062,94.3044,93.9607,94.0262
nodraw9,,86.7103,89.6072,90.7856,91.3584,91.7021,92.1768,92.2913,92.4223,92.7823,93.1915,93.2079,93.3552,93.4206,93.5352,93.5679,93.6007,93.6661,93.5516,93.9280,93.7807,93.9771,93.7643,93.9116,93.8462,94.0262,93.9607,93.6661,93.7807,93.7807,93.6661,93.9607,93.8462,93.8789,93.9116,93.6825,94.1244,94.2390,94.1080,93.8462,94.1899,94.0917,94.3863,94.3208,93.8625,94.1408,94.3535,94.2553,94.2062,94.0589,94.3372
