Epoch1,Epoch2,Epoch3,Epoch4,Epoch5,Epoch6,Epoch7,Epoch8,Epoch9,Epoch10,Epoch11,Epoch12,Epoch13,Epoch14,Epoch15,Epoch16,Epoch17,Epoch18,Epoch19,Epoch20,Epoch21,Epoch22,Epoch23,Epoch24,Epoch25,Epoch26,Epoch27,Epoch28,Epoch29,Epoch30,Epoch31,Epoch32,Epoch33,Epoch34,Epoch35,Epoch36,Epoch37,Epoch38,Epoch39,Epoch40,Epoch41,Epoch42,Epoch43,Epoch44,Epoch45,Epoch46,Epoch47,Epoch48,Epoch49,Epoch50,
Settings:
Clauses:,1000.0
Threshold:,9000.0
S:,27.0
MultiClassTsetlinMachine using nodraw
Settings: Clauses: 1000.0 Threshold: 9000.0 S: 27.0
nodraw0,,82.0681,85.6675,86.7310,88.0072,88.4980,89.4306,89.9051,89.9705,90.3141,90.5923,90.5596,91.1322,91.0995,91.4594,91.5576,91.5412,91.6067,91.7048,91.8194,92.1630,92.3757,92.4738,92.1139,92.1139,92.3920,92.3429,92.5720,92.2938,92.5556,92.6538,92.4738,92.1957,92.4411,92.4575,92.9647,92.4902,92.3593,92.9319,92.5393,92.5884,92.8501,92.9319,92.6538,92.7192,92.6374,92.6374,92.6702,92.8829,92.9974,92.8010
MultiClassTsetlinMachine using nodraw
Settings: Clauses: 1000.0 Threshold: 9000.0 S: 27.0
nodraw1,,82.1008,85.4876,86.9764,87.7127,88.8580,88.9889,89.3488,90.0687,90.1832,90.9195,91.0504,91.3449,91.2304,91.6230,91.5085,92.0648,92.0157,91.9830,91.9339,91.6558,92.1957,92.1466,92.4738,92.4247,92.1466,92.4411,92.6702,92.6047,92.6047,92.8174,92.9483,92.7847,92.6538,92.6865,92.5393,93.0628,92.7847,93.0301,93.3082,92.9810,93.1610,93.1119,92.8665,93.1937,92.7847,93.0628,93.1937,92.7356,92.8338,93.0955
MultiClassTsetlinMachine using nodraw
Settings: Clauses: 1000.0 Threshold: 9000.0 S: 27.0
nodraw2,,81.0700,84.8822,86.2729,87.3527,88.1381,88.9725,89.3325,89.5779,89.6597,90.0196,90.0360,90.5759,90.6577,90.9359,90.9849,91.3776,91.3285,91.2631,91.2467,91.7703,91.7866,91.6230,91.6394,91.7048,91.9012,91.6067,91.9666,92.2448,92.1302,92.1302,91.8521,92.2775,92.3102,92.2448,92.2448,92.4411,92.4902,92.2775,92.6047,92.2611,92.6702,92.5884,92.6702,92.6211,92.6374,92.5229,92.5229,92.4247,92.5393,92.6538
MultiClassTsetlinMachine using nodraw
Settings: Clauses: 1000.0 Threshold: 9000.0 S: 27.0
nodraw3,,82.4415,85.5016,87.2361,88.2507,89.3307,89.9198,90.1162,90.2962,90.6071,91.0653,90.8526,91.0489,91.0817,91.1798,91.2453,91.4417,91.6380,91.7198,91.9817,91.6380,92.3090,92.0471,92.2599,92.0962,92.1617,92.0799,92.4399,92.5871,92.3417,92.5544,92.0635,92.4726,92.2108,92.5708,92.7344,92.3090,92.3417,92.3580,92.5708,92.6690,93.0290,92.6853,92.5708,92.5053,92.9471,93.0453,93.1108,92.8162,93.0290,92.8326
MultiClassTsetlinMachine using nodraw
Settings: Clauses: 1000.0 Threshold: 9000.0 S: 27.0
nodraw4,,82.1306,84.7815,86.7779,87.6289,88.6598,89.7071,89.9853,90.1489,90.7053,90.8853,90.8853,91.0817,91.4417,91.5398,91.9162,91.4417,91.9653,91.9817,92.1617,92.1780,92.1453,92.2762,92.3253,92.4562,92.5217,92.2599,92.4890,92.6035,92.7671,92.4726,92.4562,92.5871,92.9144,92.5708,92.7999,92.5708,93.1271,92.8653,92.8817,92.7671,92.9308,93.2417,92.7508,92.9144,92.9962,92.8981,93.0126,93.2581,92.7999,92.8490
MultiClassTsetlinMachine using nodraw
Settings: Clauses: 1000.0 Threshold: 9000.0 S: 27.0
nodraw5,,81.9804,85.9902,87.6596,88.4615,89.2471,89.7218,90.2291,90.2128,90.5565,90.7038,91.1129,91.0638,91.0966,91.1784,91.3421,91.5221,91.5385,91.6367,91.3912,91.6039,91.7185,91.7840,91.8331,91.9804,91.9640,92.5368,91.9149,92.4877,92.6350,92.5532,92.6350,92.0949,92.3732,92.6023,92.3241,92.5532,92.5859,92.7660,92.7332,92.6841,92.8805,92.6187,92.4223,92.7660,92.5368,92.8314,92.6678,93.0933,92.5859,92.7332
MultiClassTsetlinMachine using nodraw
Settings: Clauses: 1000.0 Threshold: 9000.0 S: 27.0
nodraw6,,81.5221,85.3519,86.8576,88.0524,88.2815,89.3781,90.0164,89.9836,90.1146,90.5892,90.5892,90.4419,90.9493,91.0638,91.1948,91.8494,91.7021,91.5385,91.7512,91.6367,92.0949,91.6530,91.8331,91.8822,92.0949,91.8167,91.7349,92.1768,92.5205,92.6678,92.6187,92.6350,92.4550,92.3404,92.4059,92.3895,92.7660,92.6678,92.7660,92.5532,92.9460,92.4714,92.9624,92.5205,92.8478,92.9460,93.0442,93.2406,92.7987,92.7496
MultiClassTsetlinMachine using nodraw
Settings: Clauses: 1000.0 Threshold: 9000.0 S: 27.0
nodraw7,,82.5205,85.6137,87.1522,87.8560,89.0180,89.3617,89.7872,90.2619,90.4746,90.7529,90.8347,90.9329,91.4730,91.5221,91.6039,91.8494,91.6367,91.9149,91.9804,92.0295,92.0622,92.3241,92.2259,92.3568,92.1931,92.4223,92.3241,92.4714,92.3568,92.4550,92.5368,92.6514,92.4223,92.4386,92.5205,92.8314,92.5532,92.7496,92.8314,92.7005,92.8969,93.0769,92.7332,92.8805,92.8478,93.1915,92.7005,92.7987,92.8642,93.0278
MultiClassTsetlinMachine using nodraw
Settings: Clauses: 1000.0 Threshold: 9000.0 S: 27.0
nodraw8,,82.5859,85.1555,86.9885,87.9051,88.5761,89.1489,89.4599,89.9673,90.3601,90.9329,90.7038,91.4566,91.5385,91.5712,91.7512,91.7676,92.3404,91.8003,91.9640,92.1113,92.0949,92.0295,92.1604,92.0622,92.1113,92.3568,92.5041,92.2750,92.1768,92.3732,92.6514,92.7987,92.4877,92.5368,92.5532,92.9951,93.0278,92.8314,92.7660,92.8805,92.7496,93.1588,92.9133,93.0606,93.0769,93.1097,92.8969,92.9624,92.7987,93.2733
MultiClassTsetlinMachine using nodraw
Settings: Clauses: 1000.0 Threshold: 9000.0 S: 27.0
nodraw9,,82.1277,85.1064,87.1195,87.7414,88.6416,89.5745,90.0655,90.2291,90.8347,90.8838,91.0147,91.0966,91.4566,91.5385,91.7349,92.0786,91.9640,92.0786,92.0295,92.4386,92.6514,91.9313,92.1768,92.4877,92.6023,92.7823,92.6841,92.9787,92.8478,92.5368,92.8478,92.5368,92.5859,93.0933,92.7496,92.6514,92.4877,92.8642,93.1751,92.4877,92.6678,93.2733,93.1260,93.4861,92.9787,93.2897,93.7316,93.3224,93.1915,92.9624
